60 99
73
34 6 0 32
13 3 39 81
13 5 32 79
10 12 43 71
10 12 33 67
6 7 48 38
6 15 44 0
25 7 0 51
25 15 0 18
21 12 0 33
16 7 16 45
16 5 0 69
21 3 0 68
21 5 0 58
5 7 50 84
5 5 49 33
4 1 41 67
4 10 44 83
6 13 43 0
12 13 32 38
12 9 30 63
23 6 0 52
7 3 48 84
7 5 34 84
2 1 21 30
2 10 53 84
6 6 48 84
6 5 47 84
14 7 25 45
14 6 25 58
16 3 0 64
16 5 0 64
14 6 25 58
14 5 30 63
14 13 16 38
3 2 53 89
3 7 53 87
11 2 47 61
11 7 33 74
6 7 47 38
6 6 47 74
33 14 0 18
12 4 32 80
12 3 48 81
16 18 0 0
12 3 47 15
12 18 21 0
4 4 50 45
4 3 50 49
3 1 27 67
3 2 53 89
6 9 44 72
6 9 16 72
6 1 21 63
6 2 50 87
5 7 49 83
5 18 39 0
3 9 45 9
3 9 44 0
9 18 23 0
6 5 47 84
6 2 16 13
2 12 53 18
2 9 45 84
8 3 25 84
8 9 33 71
10 9 33 52
3 5 52 87
3 2 34 87
3 18 42 0
3 7 50 71
2 3 41 52
2 9 45 84
